data/images/sand0.bmp
data/images/terrain1.bmp
1
data/Ä£ĞÍ/Ê¿±ø0/
148.097702
-284.819214
-54.999977
-2.599997
304
170.578934
281.588196
6.000000
6.000000
6.000000
-0.750000
13
0
403.869751
450.738861
6.000000
6.000000
6.000000
-0.750000
13
0
67.392197
371.217377
7.000000
7.000000
7.000000
-0.875000
13
0
111.338844
489.126251
6.000000
6.000000
6.000000
-0.750000
14
0
106.460770
556.913940
4.000000
4.000000
4.000000
-0.500000
12
0
53.329266
55.724358
5.000000
5.000000
5.000000
-0.625000
11
0
409.824524
362.911469
4.000000
4.000000
4.000000
-0.500000
13
0
359.461639
677.064148
6.000000
6.000000
6.000000
-0.750000
11
0
462.890106
233.290817
7.000000
7.000000
7.000000
-0.875000
13
0
355.374603
261.328766
7.000000
7.000000
7.000000
-0.875000
11
0
512.330078
218.414871
5.000000
5.000000
5.000000
-0.625000
14
0
185.674606
470.185242
6.000000
6.000000
6.000000
-0.750000
14
0
533.776062
191.519516
4.000000
4.000000
4.000000
-0.500000
12
0
6.591998
500.200806
5.000000
5.000000
5.000000
-0.625000
11
0
369.789124
155.417343
6.000000
6.000000
6.000000
-0.750000
11
0
348.914459
314.394348
7.000000
7.000000
7.000000
-0.875000
11
0
317.536560
638.808533
4.000000
4.000000
4.000000
-0.500000
11
0
50.648518
363.922241
4.000000
4.000000
4.000000
-0.500000
12
0
6.657918
303.056122
5.000000
5.000000
5.000000
-0.625000
11
0
400.046387
679.525146
5.000000
5.000000
5.000000
-0.625000
11
0
607.166992
118.699913
4.000000
4.000000
4.000000
-0.500000
11
0
368.185059
53.043610
5.000000
5.000000
5.000000
-0.625000
11
0
286.993622
431.907715
5.000000
5.000000
5.000000
-0.625000
13
0
211.976685
349.200104
6.000000
6.000000
6.000000
-0.750000
11
0
200.133057
281.192657
4.000000
4.000000
4.000000
-0.500000
12
0
486.884979
106.944183
6.000000
6.000000
6.000000
-0.750000
12
0
124.237190
403.891724
6.000000
6.000000
6.000000
-0.750000
12
0
69.721367
471.108124
6.000000
6.000000
6.000000
-0.750000
13
0
308.505493
572.712769
6.000000
6.000000
6.000000
-0.750000
11
0
391.498749
413.933533
6.000000
6.000000
6.000000
-0.750000
13
0
171.479843
622.350525
6.000000
6.000000
6.000000
-0.750000
11
0
40.233162
686.732361
7.000000
7.000000
7.000000
-0.875000
13
0
328.852814
126.039001
7.000000
7.000000
7.000000
-0.875000
14
0
613.802917
661.265320
7.000000
7.000000
7.000000
-0.875000
11
0
31.290018
322.063049
5.000000
5.000000
5.000000
-0.625000
13
0
62.580036
301.474030
5.000000
5.000000
5.000000
-0.625000
12
0
92.244026
370.382385
4.000000
4.000000
4.000000
-0.500000
14
0
162.514725
64.975128
7.000000
7.000000
7.000000
-0.875000
11
0
505.782043
179.170502
4.000000
4.000000
4.000000
-0.500000
14
0
37.772148
174.687943
6.000000
6.000000
6.000000
-0.750000
11
0
674.339417
441.378204
6.000000
6.000000
6.000000
-0.750000
11
0
213.558762
700.223999
6.000000
6.000000
6.000000
-0.750000
13
0
86.574905
601.278137
5.000000
5.000000
5.000000
-0.625000
14
0
638.940369
289.608459
6.000000
6.000000
6.000000
-0.750000
12
0
165.239410
511.055634
6.000000
6.000000
6.000000
-0.750000
14
0
599.718018
30.828577
4.000000
4.000000
4.000000
-0.500000
11
0
84.882965
17.336954
7.000000
7.000000
7.000000
-0.875000
12
0
521.185364
203.363144
4.000000
4.000000
4.000000
-0.500000
11
0
239.707016
77.807549
4.000000
4.000000
4.000000
-0.500000
13
0
620.900269
719.736328
4.000000
4.000000
4.000000
-0.500000
14
0
401.386749
367.745605
6.000000
6.000000
6.000000
-0.750000
12
0
11.623890
217.030548
6.000000
6.000000
6.000000
-0.750000
13
0
486.906952
576.514160
6.000000
6.000000
6.000000
-0.750000
13
0
574.031189
278.621796
6.000000
6.000000
6.000000
-0.750000
11
0
336.323730
354.275940
4.000000
4.000000
4.000000
-0.500000
14
0
479.501923
385.544006
7.000000
7.000000
7.000000
-0.875000
12
0
660.628052
68.380997
5.000000
5.000000
5.000000
-0.625000
14
0
403.034760
158.164001
7.000000
7.000000
7.000000
-0.875000
14
0
119.468979
210.108948
4.000000
4.000000
4.000000
-0.500000
13
0
105.977356
247.727280
4.000000
4.000000
4.000000
-0.500000
11
0
49.110386
171.084320
6.000000
6.000000
6.000000
-0.750000
13
0
508.924225
437.928406
4.000000
4.000000
4.000000
-0.500000
14
0
280.137939
709.914246
6.000000
6.000000
6.000000
-0.750000
13
0
454.342468
716.418335
6.000000
6.000000
6.000000
-0.750000
13
0
445.223541
28.675192
6.000000
6.000000
6.000000
-0.750000
12
0
399.672852
276.402466
6.000000
6.000000
6.000000
-0.750000
14
0
297.123322
19.622181
4.000000
4.000000
4.000000
-0.500000
14
0
79.829094
208.219238
5.000000
5.000000
5.000000
-0.625000
11
0
476.293823
361.615051
6.000000
6.000000
6.000000
-0.750000
12
0
220.326553
520.943604
6.000000
6.000000
6.000000
-0.750000
11
0
128.807648
626.701233
6.000000
6.000000
6.000000
-0.750000
11
0
379.786987
133.773621
6.000000
6.000000
6.000000
-0.750000
12
0
14.150823
316.745514
6.000000
6.000000
6.000000
-0.750000
13
0
122.984711
557.814880
5.000000
5.000000
5.000000
-0.625000
12
0
303.078094
429.930115
5.000000
5.000000
5.000000
-0.625000
12
0
643.532837
307.516724
7.000000
7.000000
7.000000
-0.875000
11
0
265.283966
77.368080
4.000000
4.000000
4.000000
-0.500000
13
0
356.736969
202.242493
5.000000
5.000000
5.000000
-0.625000
12
0
567.395264
389.587097
6.000000
6.000000
6.000000
-0.750000
14
0
302.418884
117.842949
5.000000
5.000000
5.000000
-0.625000
12
0
260.581696
593.169983
5.000000
5.000000
5.000000
-0.625000
12
0
637.731873
148.297989
5.000000
5.000000
5.000000
-0.625000
13
0
698.663879
657.266174
7.000000
7.000000
7.000000
-0.875000
13
0
459.879761
417.097687
4.000000
4.000000
4.000000
-0.500000
12
0
545.553772
430.193787
6.000000
6.000000
6.000000
-0.750000
12
0
239.091766
258.977631
4.000000
4.000000
4.000000
-0.500000
12
0
593.367737
306.000549
4.000000
4.000000
4.000000
-0.500000
12
0
381.325104
371.437103
6.000000
6.000000
6.000000
-0.750000
13
0
390.136414
540.983276
4.000000
4.000000
4.000000
-0.500000
13
0
241.069366
16.216314
5.000000
5.000000
5.000000
-0.625000
14
0
357.571960
660.276489
7.000000
7.000000
7.000000
-0.875000
11
0
464.230469
70.973846
4.000000
4.000000
4.000000
-0.500000
11
0
38.914761
394.399231
7.000000
7.000000
7.000000
-0.875000
13
0
20.852688
410.791351
7.000000
7.000000
7.000000
-0.875000
11
0
396.794342
705.915100
7.000000
7.000000
7.000000
-0.875000
11
0
168.052002
259.746704
6.000000
6.000000
6.000000
-0.750000
11
0
80.949738
585.786926
6.000000
6.000000
6.000000
-0.750000
12
0
222.721634
72.446060
5.000000
5.000000
5.000000
-0.625000
13
0
66.117737
420.151978
4.000000
4.000000
4.000000
-0.500000
13
0
264.383057
625.668518
5.000000
5.000000
5.000000
-0.625000
14
0
99.824821
406.814178
4.000000
4.000000
4.000000
-0.500000
12
0
687.984863
39.793694
6.000000
6.000000
6.000000
-0.750000
13
0
640.170898
501.716980
4.000000
4.000000
4.000000
-0.500000
14
0
46.737267
250.539871
4.000000
4.000000
4.000000
-0.500000
14
0
203.670761
455.616943
7.000000
7.000000
7.000000
-0.875000
13
0
544.938477
610.397034
6.000000
6.000000
6.000000
-0.750000
12
0
363.087250
660.628052
6.000000
6.000000
6.000000
-0.750000
11
0
300.704987
220.150757
5.000000
5.000000
5.000000
-0.625000
11
0
395.146332
206.725052
4.000000
4.000000
4.000000
-0.500000
13
0
458.934906
350.628387
6.000000
6.000000
6.000000
-0.750000
14
0
298.529633
68.380997
6.000000
6.000000
6.000000
-0.750000
12
0
513.934143
474.118469
4.000000
4.000000
4.000000
-0.500000
14
0
661.463074
621.076111
7.000000
7.000000
7.000000
-0.875000
12
0
562.363342
145.880920
7.000000
7.000000
7.000000
-0.875000
14
0
99.692986
687.875000
5.000000
5.000000
5.000000
-0.625000
12
0
406.023132
255.945313
4.000000
4.000000
4.000000
-0.500000
12
0
344.300049
275.984985
7.000000
7.000000
7.000000
-0.875000
12
0
544.652832
50.406811
6.000000
6.000000
6.000000
-0.750000
14
0
259.373138
523.360718
5.000000
5.000000
5.000000
-0.625000
11
0
18.699301
3.142186
6.000000
6.000000
6.000000
-0.750000
11
0
389.938660
135.201874
7.000000
7.000000
7.000000
-0.875000
13
0
462.230896
457.352814
4.000000
4.000000
4.000000
-0.500000
14
0
39.771721
550.563660
6.000000
6.000000
6.000000
-0.750000
14
0
525.667908
357.066559
4.000000
4.000000
4.000000
-0.500000
11
0
559.155273
398.881805
5.000000
5.000000
5.000000
-0.625000
13
0
108.592178
388.774078
7.000000
7.000000
7.000000
-0.875000
14
0
442.718597
126.566360
6.000000
6.000000
6.000000
-0.750000
14
0
2.658772
452.980133
7.000000
7.000000
7.000000
-0.875000
13
0
237.267990
233.576462
6.000000
6.000000
6.000000
-0.750000
12
0
544.257324
105.647758
6.000000
6.000000
6.000000
-0.750000
14
0
699.564819
319.909668
4.000000
4.000000
4.000000
-0.500000
12
0
717.473083
530.018616
7.000000
7.000000
7.000000
-0.875000
11
0
684.139526
382.247986
7.000000
7.000000
7.000000
-0.875000
12
0
586.753723
117.842949
7.000000
7.000000
7.000000
-0.875000
12
0
521.119446
40.474869
4.000000
4.000000
4.000000
-0.500000
13
0
579.876099
221.271408
6.000000
6.000000
6.000000
-0.750000
13
0
84.091919
14.260689
4.000000
4.000000
4.000000
-0.500000
13
0
500.640289
194.156311
4.000000
4.000000
4.000000
-0.500000
13
0
187.806030
89.585251
4.000000
4.000000
4.000000
-0.500000
14
0
431.731934
443.773315
4.000000
4.000000
4.000000
-0.500000
12
0
116.085083
55.394756
4.000000
4.000000
4.000000
-0.500000
13
0
647.553955
532.281860
4.000000
4.000000
4.000000
-0.500000
13
0
639.577637
9.997864
7.000000
7.000000
7.000000
-0.875000
12
0
536.918213
248.364517
7.000000
7.000000
7.000000
-0.875000
13
0
283.543823
37.816097
6.000000
6.000000
6.000000
-0.750000
13
0
136.080811
48.758812
6.000000
6.000000
6.000000
-0.750000
11
0
685.831482
695.829346
5.000000
5.000000
5.000000
-0.625000
12
0
671.351074
149.858093
4.000000
4.000000
4.000000
-0.500000
14
0
164.426407
710.155945
4.000000
4.000000
4.000000
-0.500000
13
0
511.934570
429.161041
6.000000
6.000000
6.000000
-0.750000
14
0
695.587646
522.613586
7.000000
7.000000
7.000000
-0.875000
11
0
212.899567
416.965851
7.000000
7.000000
7.000000
-0.875000
14
0
221.271408
167.326889
7.000000
7.000000
7.000000
-0.875000
14
0
87.783440
97.825249
4.000000
4.000000
4.000000
-0.500000
12
0
527.359863
117.271645
7.000000
7.000000
7.000000
-0.875000
14
0
391.586670
82.268135
6.000000
6.000000
6.000000
-0.750000
13
0
451.090424
60.778221
4.000000
4.000000
4.000000
-0.500000
14
0
513.406799
428.150269
7.000000
7.000000
7.000000
-0.875000
13
0
339.180267
648.213135
5.000000
5.000000
5.000000
-0.625000
11
0
59.371929
272.315430
5.000000
5.000000
5.000000
-0.625000
13
0
475.436859
288.333984
4.000000
4.000000
4.000000
-0.500000
14
0
385.478058
432.259277
7.000000
7.000000
7.000000
-0.875000
12
0
678.668152
675.152466
6.000000
6.000000
6.000000
-0.750000
13
0
100.308235
337.532288
6.000000
6.000000
6.000000
-0.750000
13
0
350.430603
164.162720
7.000000
7.000000
7.000000
-0.875000
14
0
377.875305
91.343117
5.000000
5.000000
5.000000
-0.625000
12
0
412.900787
199.254120
4.000000
4.000000
4.000000
-0.500000
14
0
640.434570
462.208923
5.000000
5.000000
5.000000
-0.625000
13
0
656.672852
308.923004
7.000000
7.000000
7.000000
-0.875000
11
0
451.354095
85.410324
6.000000
6.000000
6.000000
-0.750000
11
0
418.525970
393.102814
7.000000
7.000000
7.000000
-0.875000
11
0
417.844788
674.625061
4.000000
4.000000
4.000000
-0.500000
14
0
429.336823
219.601425
5.000000
5.000000
5.000000
-0.625000
11
0
663.836182
83.388779
4.000000
4.000000
4.000000
-0.500000
13
0
71.742912
450.694916
4.000000
4.000000
4.000000
-0.500000
13
0
472.668243
576.887695
4.000000
4.000000
4.000000
-0.500000
13
0
128.104492
159.658188
6.000000
6.000000
6.000000
-0.750000
11
0
540.126343
633.183411
6.000000
6.000000
6.000000
-0.750000
13
0
218.217102
197.364426
5.000000
5.000000
5.000000
-0.625000
13
0
637.050720
515.054810
5.000000
5.000000
5.000000
-0.625000
12
0
287.213348
168.886993
7.000000
7.000000
7.000000
-0.875000
11
0
602.200989
11.448103
6.000000
6.000000
6.000000
-0.750000
14
0
383.236786
539.972534
6.000000
6.000000
6.000000
-0.750000
12
0
345.157013
589.082947
5.000000
5.000000
5.000000
-0.625000
11
0
165.393234
513.604553
5.000000
5.000000
5.000000
-0.625000
12
0
298.991058
433.907288
6.000000
6.000000
6.000000
-0.750000
14
0
301.518005
316.635651
4.000000
4.000000
4.000000
-0.500000
12
0
163.195892
382.819305
4.000000
4.000000
4.000000
-0.500000
11
0
715.978882
696.378662
4.000000
4.000000
4.000000
-0.500000
12
0
256.472656
585.127747
5.000000
5.000000
5.000000
-0.625000
14
0
7.383038
347.002777
5.000000
5.000000
5.000000
-0.625000
12
0
439.466522
134.059265
4.000000
4.000000
4.000000
-0.500000
14
0
356.714996
626.305725
6.000000
6.000000
6.000000
-0.750000
12
0
207.647934
388.532379
6.000000
6.000000
6.000000
-0.750000
14
0
644.697388
282.071594
5.000000
5.000000
5.000000
-0.625000
14
0
674.185608
464.450195
6.000000
6.000000
6.000000
-0.750000
11
0
99.956665
348.848541
4.000000
4.000000
4.000000
-0.500000
12
0
522.591614
16.501968
4.000000
4.000000
4.000000
-0.500000
12
0
236.762604
494.268005
5.000000
5.000000
5.000000
-0.625000
11
0
329.687805
669.593201
6.000000
6.000000
6.000000
-0.750000
13
0
42.650227
495.850098
7.000000
7.000000
7.000000
-0.875000
14
0
138.344070
340.366821
6.000000
6.000000
6.000000
-0.750000
14
0
256.494629
367.394012
7.000000
7.000000
7.000000
-0.875000
13
0
360.296631
608.946777
5.000000
5.000000
5.000000
-0.625000
13
0
176.138184
575.635254
4.000000
4.000000
4.000000
-0.500000
14
0
249.001740
500.288696
4.000000
4.000000
4.000000
-0.500000
14
0
676.338989
186.685379
7.000000
7.000000
7.000000
-0.875000
11
0
422.415222
435.906860
6.000000
6.000000
6.000000
-0.750000
14
0
476.403687
142.804657
7.000000
7.000000
7.000000
-0.875000
13
0
75.742058
515.340454
7.000000
7.000000
7.000000
-0.875000
12
0
58.185368
148.781403
6.000000
6.000000
6.000000
-0.750000
11
0
404.397095
327.776123
4.000000
4.000000
4.000000
-0.500000
11
0
273.853577
688.534180
7.000000
7.000000
7.000000
-0.875000
14
0
556.694214
293.563660
4.000000
4.000000
4.000000
-0.500000
11
0
683.612183
91.694695
6.000000
6.000000
6.000000
-0.750000
14
0
516.702759
215.756088
4.000000
4.000000
4.000000
-0.500000
12
0
503.562744
330.259094
7.000000
7.000000
7.000000
-0.875000
11
0
117.073883
81.806694
4.000000
4.000000
4.000000
-0.500000
13
0
3.559679
664.934814
7.000000
7.000000
7.000000
-0.875000
14
0
661.814636
234.982758
4.000000
4.000000
4.000000
-0.500000
14
0
195.013275
21.863461
5.000000
5.000000
5.000000
-0.625000
12
0
519.097900
195.958130
4.000000
4.000000
4.000000
-0.500000
11
0
88.640404
179.258408
6.000000
6.000000
6.000000
-0.750000
14
0
524.173706
454.430359
4.000000
4.000000
4.000000
-0.500000
11
0
162.316971
403.715942
6.000000
6.000000
6.000000
-0.750000
11
0
472.031006
30.674765
5.000000
5.000000
5.000000
-0.625000
14
0
518.900085
96.990265
5.000000
5.000000
5.000000
-0.625000
12
0
380.336304
607.057129
7.000000
7.000000
7.000000
-0.875000
11
0
214.020203
92.485733
6.000000
6.000000
6.000000
-0.750000
11
0
42.166813
669.615173
4.000000
4.000000
4.000000
-0.500000
14
0
633.952454
441.795715
4.000000
4.000000
4.000000
-0.500000
14
0
468.866852
539.664917
7.000000
7.000000
7.000000
-0.875000
11
0
683.304565
451.310150
4.000000
4.000000
4.000000
-0.500000
13
0
22.830286
295.299530
7.000000
7.000000
7.000000
-0.875000
13
0
342.937714
248.716080
4.000000
4.000000
4.000000
-0.500000
11
0
360.340576
663.001160
4.000000
4.000000
4.000000
-0.500000
13
0
357.769714
279.676514
7.000000
7.000000
7.000000
-0.875000
14
0
584.380615
399.167450
5.000000
5.000000
5.000000
-0.625000
12
0
214.547562
174.248474
7.000000
7.000000
7.000000
-0.875000
14
0
487.390350
241.684616
4.000000
4.000000
4.000000
-0.500000
12
0
169.634079
583.567627
5.000000
5.000000
5.000000
-0.625000
13
0
644.192017
471.547607
5.000000
5.000000
5.000000
-0.625000
12
0
126.961884
66.271553
5.000000
5.000000
5.000000
-0.625000
14
0
74.643394
4.284799
7.000000
7.000000
7.000000
-0.875000
11
0
405.649597
705.277893
7.000000
7.000000
7.000000
-0.875000
14
0
116.656395
611.715454
6.000000
6.000000
6.000000
-0.750000
14
0
77.939392
134.081238
7.000000
7.000000
7.000000
-0.875000
14
0
108.811913
433.292023
4.000000
4.000000
4.000000
-0.500000
14
0
76.994537
213.536789
6.000000
6.000000
6.000000
-0.750000
11
0
3.274026
537.819153
7.000000
7.000000
7.000000
-0.875000
14
0
274.732513
678.360535
7.000000
7.000000
7.000000
-0.875000
13
0
548.608032
54.977264
4.000000
4.000000
4.000000
-0.500000
11
0
609.540100
73.544724
7.000000
7.000000
7.000000
-0.875000
12
0
322.502502
36.915188
4.000000
4.000000
4.000000
-0.500000
14
0
504.156006
381.215240
5.000000
5.000000
5.000000
-0.625000
13
0
414.746552
209.691452
6.000000
6.000000
6.000000
-0.750000
14
0
173.523361
216.854767
6.000000
6.000000
6.000000
-0.750000
12
0
199.847412
134.982147
6.000000
6.000000
6.000000
-0.750000
14
0
222.523880
356.143677
6.000000
6.000000
6.000000
-0.750000
12
0
40.013428
461.571716
4.000000
4.000000
4.000000
-0.500000
12
0
253.835876
711.386475
6.000000
6.000000
6.000000
-0.750000
12
0
117.842949
666.912415
6.000000
6.000000
6.000000
-0.750000
13
0
85.717949
278.072449
7.000000
7.000000
7.000000
-0.875000
13
0
439.246796
488.686798
6.000000
6.000000
6.000000
-0.750000
14
0
699.872437
51.505478
6.000000
6.000000
6.000000
-0.750000
14
0
566.098816
6.416212
5.000000
5.000000
5.000000
-0.625000
14
0
599.124756
273.326202
6.000000
6.000000
6.000000
-0.750000
11
0
519.229736
533.028992
7.000000
7.000000
7.000000
-0.875000
14
0
535.468018
648.059326
4.000000
4.000000
4.000000
-0.500000
14
0
691.171021
556.276733
4.000000
4.000000
4.000000
-0.500000
11
0
47.638172
649.641418
4.000000
4.000000
4.000000
-0.500000
13
0
48.868679
410.483704
4.000000
4.000000
4.000000
-0.500000
11
0
209.120148
638.149353
4.000000
4.000000
4.000000
-0.500000
14
0
546.718323
558.034607
4.000000
4.000000
4.000000
-0.500000
13
0
345.772278
186.114075
4.000000
4.000000
4.000000
-0.500000
14
0
469.086578
680.887451
7.000000
7.000000
7.000000
-0.875000
12
0
243.794067
95.364235
5.000000
5.000000
5.000000
-0.625000
11
0
463.373505
302.177185
6.000000
6.000000
6.000000
-0.750000
13
0
647.488037
183.323471
5.000000
5.000000
5.000000
-0.625000
14
0
662.759460
217.865540
5.000000
5.000000
5.000000
-0.625000
14
0
606.991150
39.727776
6.000000
6.000000
6.000000
-0.750000
13
0
418.899506
418.152405
7.000000
7.000000
7.000000
-0.875000
11
0
316.262085
593.213928
7.000000
7.000000
7.000000
-0.875000
13
0
644.895142
259.109467
6.000000
6.000000
6.000000
-0.750000
12
0
80.730003
7.646718
6.000000
6.000000
6.000000
-0.750000
13
0
127.972656
164.250610
5.000000
5.000000
5.000000
-0.625000
13
0
455.199432
469.086578
4.000000
4.000000
4.000000
-0.500000
14
0
212.438126
536.105225
4.000000
4.000000
4.000000
-0.500000
13
0
671.592773
661.946472
4.000000
4.000000
4.000000
-0.500000
13
0
572.383179
37.684254
7.000000
7.000000
7.000000
-0.875000
12
0
396.838287
575.767090
4.000000
4.000000
4.000000
-0.500000
12
0
474.492004
444.256714
7.000000
7.000000
7.000000
-0.875000
13
0
500.662262
641.752991
6.000000
6.000000
6.000000
-0.750000
13
0
490.906097
64.601578
4.000000
4.000000
4.000000
-0.500000
13
0
673.350647
239.355453
4.000000
4.000000
4.000000
-0.500000
14
0
342.036804
212.899567
5.000000
5.000000
5.000000
-0.625000
14
0
373.568542
612.770142
4.000000
4.000000
4.000000
-0.500000
11
0
69.347816
250.012512
7.000000
7.000000
7.000000
-0.875000
12
0
226.303299
677.481628
5.000000
5.000000
5.000000
-0.625000
12
0
218.195129
635.292847
7.000000
7.000000
7.000000
-0.875000
11
0
384.000000
-384.000000
2.000000
2.000000
0.000000
0.000000
1000
0
168.089996
356.130005
12.900000
21.000000
13.200000
0.350000
2003
335
145.100006
358.820007
4.000000
9.790000
2.000000
0.040000
2004
270
162.940002
331.079987
5.790000
2.600000
0.800000
0.330000
2005
190
248.000000
294.000000
248.000000
294.000000
14
0
262.000000
299.000000
262.000000
299.000000
14
0
273.487457
292.554047
541.532654
211.027435
1
0
259.000000
309.000000
259.000000
309.000000
14
0
275.487366
302.548187
541.532654
211.027435
1
0
243.566498
330.467407
133.600754
466.626312
1
0
261.000000
324.000000
261.000000
324.000000
12
0
248.000000
329.000000
248.000000
329.000000
12
0
262.000000
334.000000
262.000000
334.000000
12
0
248.000000
339.000000
248.000000
339.000000
14
0
255.000000
344.000000
255.000000
344.000000
14
0
258.000000
349.000000
258.000000
349.000000
12
0
267.475647
365.485046
469.668884
722.225159
1
0
243.531677
347.544067
61.736992
233.801331
1
0
260.000000
364.000000
260.000000
364.000000
12
0
247.000000
369.000000
247.000000
369.000000
14
0
248.000000
374.000000
248.000000
374.000000
14
0
249.000000
379.000000
249.000000
379.000000
14
0
251.000000
384.000000
251.000000
384.000000
12
0
252.000000
389.000000
252.000000
389.000000
2
0
